[2633, 2616]
[14198, 14193]
[14193, 14196]
[14269, 14272]
[14254, 14258]
[1011, 1032]
[1073, 1068]
[1068, 1050]
[1050, 1030]
[1030, 1010]
[1010, 992]
[1032, 1011]
[1011, 992]
[1091, 1073]
[992, 975]
[975, 960]
[960, 947]
[947, 948]
[1458, 1465]
[1454, 1458]
[1138, 1122]
[1122, 1104]
[1104, 1091]
[8856, 8692]
[8692, 8314]
[8314, 8485]
[8485, 8868]
[8867, 8868]
[1477, 1487]
[8868, 8485]
[8485, 8865]
[8865, 9016]
[9016, 9017]
[9017, 8865]
[8865, 8485]
[8485, 8314]
[8314, 8696]
[1466, 1477]
[1508, 1504]
[1504, 1503]
[8696, 8314]
[8314, 8214]
[8214, 8481]
[8210, 8047]
[8047, 8097]
[8097, 8214]
[8214, 8481]
[1438, 1441]
[9630, 9303]
[9303, 9083]
[9083, 8880]
[8880, 8708]
[8708, 8495]
[8495, 8333]
[8333, 8318]
[8318, 8217]
[8217, 8099]
[8099, 8046]
[8046, 8047]
[8047, 8210]
[8721, 8507]
[8507, 8342]
[8342, 8222]
[8222, 8103]
[8103, 8030]
[8030, 7954]
[7954, 7976]
[7976, 8047]
[8047, 8210]
[948, 945]
[945, 955]
[955, 971]
[971, 973]
[973, 989]
[989, 1008]
[1008, 1028]
[1028, 1047]
[988, 989]
[989, 1008]
[1008, 1028]
[1028, 1047]
[7933, 7961]
[7961, 8030]
[8030, 8103]
[8103, 8222]
[8222, 8342]
[8342, 8507]
[8507, 8721]
[8723, 8507]
[8507, 8721]
[1429, 1434]
[1434, 1438]
[1448, 1452]
[1452, 1456]
[1427, 1429]
[8902, 8730]
[8730, 8507]
[8507, 8723]
[8893, 8717]
[8717, 8891]
[8891, 8717]
[8717, 8507]
[8507, 8730]
[8730, 8902]
[9397, 9105]
[9105, 8899]
[8899, 8717]
[8717, 8893]
[1444, 1448]
[1440, 1444]
[1435, 1440]
[1025, 1006]
[1006, 988]
[1133, 1138]
[1117, 1133]
[1044, 1025]
[1099, 1117]
[1064, 1044]
[1100, 1099]
[14341, 14318]
[26247, 26277]
[23391, 23421]
[26838, 26839]
[23982, 23983]
[26832, 26834]
[23976, 23978]
[26796, 26794]
[26794, 26815]
[26987, 26953]
[23940, 23938]
[23959, 23938]
[24131, 24097]
[26771, 26779]
[23915, 23923]
[24029, 24025]
[26881, 26885]
[26531, 26529]
[26529, 26557]
[23675, 23673]
[23673, 23701]
[26555, 26557]
[26557, 26594]
[26594, 26605]
[23699, 23671]
[23671, 23647]
[23647, 23669]
[23669, 23721]
[23749, 23738]
[23738, 23701]
[23701, 23699]
[23220, 23219]
[26547, 26499]
[26499, 26455]
[26455, 26427]
[23691, 23643]
[23643, 23599]
[23599, 23571]
[22017, 21949]
[22015, 21949]
[21995, 21931]
[21931, 21915]
[21915, 21913]
[21913, 21911]
[21911, 21927]
[21927, 21983]
[21977, 21995]
[22171, 22147]
[23150, 23149]
[23149, 23151]
[30, 28]
[28, 25]
[25, 26]
[24, 26]
[26, 25]
[25, 28]
[28, 30]
[30, 32]
[32, 34]
[34, 35]
[35, 37]
[37, 39]
[39, 41]
[41, 43]
[43, 45]
[45, 47]
[45, 47]
[25471, 25503]
[25503, 25547]
[25547, 25595]
[24519, 24551]
[24551, 24595]
[24595, 24643]
[1563, 1561]
[1561, 1559]
[25653, 25641]
[25641, 25605]
[25605, 25603]
[24673, 24621]
[24621, 24599]
[24599, 24623]
[24623, 24651]
[24701, 24689]
[24689, 24653]
[24653, 24651]
[25580, 25578]
[25578, 25605]
[24628, 24626]
[24626, 24653]
[25934, 25930]
[24982, 24978]
[25827, 25819]
[24875, 24867]
[25863, 25841]
[26035, 26001]
[26008, 26035]
[24889, 24911]
[25083, 25049]
[25056, 25083]
[25878, 25879]
[25886, 25888]
[25888, 25883]
[25883, 25881]
[25881, 25878]
[24929, 24931]
[24926, 24929]
[24927, 24926]
[24931, 24936]
[24936, 24934]
[25295, 25325]
[24343, 24373]
[1912, 1860]
[1860, 1844]
[1844, 1858]
[1858, 1856]
[4918, 4895]
[4895, 4872]
[4872, 4843]
[4843, 4802]
[27943, 27973]
[28534, 28535]
[15823, 15853]
[28530, 28528]
[28490, 28492]
[28511, 28490]
[28683, 28649]
[16414, 16415]
[16410, 16408]
[16370, 16372]
[16391, 16370]
[16563, 16529]
[16536, 16534]
[28467, 28475]
[16355, 16347]
[28581, 28577]
[16461, 16457]
[14600, 14597]
[14597, 14605]
[16107, 16105]
[16105, 16133]
[28227, 28225]
[28225, 28253]
[14526, 14537]
[16181, 16170]
[16170, 16133]
[16133, 16131]
[28273, 28221]
[28221, 28199]
[28199, 28223]
[28223, 28251]
[28301, 28290]
[28290, 28253]
[28253, 28251]
[16003, 16031]
[16031, 16075]
[16075, 16123]
[28123, 28151]
[28151, 28195]
[28195, 28243]
[13027, 12977]
[12977, 13029]
[13029, 13191]
[14598, 14600]
[13191, 13192]
[13192, 13272]
[13272, 13481]
[6600, 6436]
[6436, 6058]
[6058, 6229]
[6229, 6612]
[6611, 6612]
[5104, 5063]
[5063, 5028]
[5292, 5261]
[5261, 5264]
[5264, 5296]
[14729, 14718]
[14718, 14699]
[14719, 14699]
[14699, 14678]
[14678, 14701]
[14701, 14679]
[14679, 14643]
[5029, 5027]
[14699, 14719]
[6612, 6229]
[6229, 6609]
[6609, 6760]
[6760, 6761]
[5028, 5023]
[5023, 5029]
[6761, 6609]
[6609, 6229]
[6229, 6058]
[6058, 6440]
[14741, 14723]
[14723, 14687]
[14687, 14652]
[6440, 6058]
[6058, 5958]
[5958, 6225]
[27293, 27292]
[5102, 5082]
[5082, 5110]
[27185, 27203]
[6225, 5958]
[5958, 5841]
[5841, 5791]
[5791, 5954]
[7374, 7047]
[7047, 6827]
[6827, 6624]
[6624, 6452]
[6452, 6239]
[6239, 6077]
[6077, 6062]
[6062, 5961]
[5961, 5843]
[5843, 5790]
[5790, 5791]
[5791, 5954]
[6465, 6251]
[6251, 6086]
[6086, 5966]
[5966, 5847]
[5847, 5774]
[5774, 5698]
[5698, 5720]
[5720, 5791]
[5791, 5954]
[5677, 5705]
[5705, 5774]
[5774, 5847]
[5847, 5966]
[5966, 6086]
[6086, 6251]
[6251, 6465]
[6467, 6251]
[6251, 6465]
[14560, 14551]
[4738, 4708]
[4708, 4622]
[4622, 4452]
[4452, 4621]
[4683, 4681]
[4681, 4331]
[4331, 4193]
[4193, 4452]
[4452, 4621]
[6646, 6474]
[6474, 6251]
[6251, 6467]
[6637, 6461]
[6461, 6635]
[6635, 6461]
[6461, 6251]
[6251, 6474]
[6474, 6646]
[7141, 6849]
[6849, 6643]
[6643, 6461]
[6461, 6637]
[12868, 12869]
[12869, 12912]
[12912, 12952]
[15167, 15119]
[15119, 15075]
[15075, 15047]
[15177, 15149]
[15149, 15151]
[14543, 14546]
[15225, 15214]
[15214, 15177]
[15177, 15175]
[15175, 15147]
[15147, 15123]
[15123, 15145]
[15145, 15197]
[14619, 14620]
[15505, 15501]
[15399, 15391]
[29071, 29103]
[29103, 29147]
[29147, 29195]
[29225, 29173]
[29173, 29151]
[29151, 29175]
[29175, 29203]
[29253, 29241]
[29241, 29205]
[29205, 29203]
[29180, 29178]
[29178, 29205]
[15607, 15573]
[15414, 15435]
[15416, 15414]
[15452, 15454]
[15458, 15459]
[14867, 14897]
[29534, 29530]
[29427, 29419]
[29635, 29608]
[29441, 29463]
[29601, 29635]
[29478, 29479]
[29481, 29483]
[29483, 29488]
[29488, 29486]
[28895, 28925]
[4873, 4896]
[4896, 4919]
[4919, 4940]
[3531, 3695]
[3695, 3707]
[20087, 20117]
[19135, 19165]
[20678, 20679]
[19726, 19727]
[20672, 20674]
[19722, 19720]
[19682, 19684]
[19841, 19875]
[20655, 20634]
[20636, 20634]
[20827, 20793]
[19703, 19682]
[20611, 20619]
[19659, 19667]
[838, 836]
[836, 835]
[20725, 20721]
[19773, 19769]
[6, 4]
[4, 1]
[1, 2]
[0, 2]
[20371, 20369]
[20369, 20397]
[19419, 19417]
[19417, 19445]
[2, 1]
[1, 4]
[4, 6]
[6, 8]
[8, 10]
[20445, 20434]
[20434, 20397]
[20397, 20395]
[20417, 20365]
[20365, 20343]
[20343, 20367]
[20367, 20395]
[19493, 19482]
[19482, 19445]
[19445, 19443]
[19465, 19413]
[19413, 19391]
[19391, 19415]
[19415, 19443]
[20267, 20295]
[20295, 20339]
[20339, 20387]
[19315, 19343]
[19343, 19387]
[19387, 19435]
[10, 11]
[11, 13]
[13, 15]
[15, 17]
[17, 19]
[19, 21]
[21, 23]
[21, 23]
[16959, 16935]
[16765, 16783]
[16783, 16719]
[16719, 16703]
[16703, 16701]
[16701, 16699]
[16803, 16736]
[16736, 16805]
[21339, 21291]
[21291, 21247]
[21247, 21215]
[18483, 18435]
[18435, 18391]
[18391, 18359]
[18011, 18016]
[21397, 21385]
[21385, 21349]
[21349, 21347]
[18541, 18529]
[18529, 18493]
[18493, 18491]
[21347, 21319]
[21319, 21295]
[21295, 21317]
[21317, 21369]
[18491, 18463]
[18463, 18439]
[18439, 18461]
[18461, 18513]
[21324, 21322]
[21322, 21349]
[18468, 18466]
[18466, 18493]
[21678, 21674]
[18822, 18818]
[21571, 21563]
[18715, 18707]
[18923, 18896]
[21585, 21607]
[21779, 21745]
[21752, 21779]
[18751, 18729]
[18889, 18923]
[21622, 21623]
[18766, 18767]
[21625, 21627]
[21627, 21632]
[21632, 21630]
[18769, 18771]
[18771, 18776]
[18776, 18774]
[21039, 21069]
[18183, 18213]
[3286, 3259]
[3259, 3201]
[3201, 3199]
[3199, 3166]
[335, 325]
[325, 323]
[323, 331]
[348, 335]
[363, 348]
[331, 342]
[380, 363]
[342, 357]
[415, 399]
[399, 380]
[775, 780]
[780, 784]
[784, 788]
[782, 778]
[778, 774]
[788, 792]
[11653, 11362]
[11362, 11144]
[11144, 10974]
[10974, 11150]
[11152, 10974]
[10974, 10764]
[10764, 10975]
[10975, 11165]
[11150, 10974]
[10974, 11152]
[11165, 10975]
[10975, 10764]
[10764, 10982]
[786, 782]
[792, 796]
[10984, 10764]
[10764, 10982]
[790, 786]
[10188, 10217]
[10217, 10286]
[10286, 10360]
[10360, 10479]
[10479, 10599]
[10599, 10764]
[10764, 10984]
[10461, 10303]
[10303, 10221]
[10221, 10200]
[10200, 10286]
[10286, 10360]
[10360, 10479]
[10479, 10599]
[10599, 10764]
[10764, 10984]
[10732, 10471]
[10471, 10354]
[10354, 10303]
[10303, 10461]
[11886, 11555]
[11555, 11339]
[11339, 11136]
[11136, 10964]
[10964, 10751]
[10751, 10582]
[10582, 10574]
[10574, 10473]
[10473, 10355]
[10355, 10302]
[10302, 10303]
[10303, 10461]
[10949, 10571]
[10571, 10471]
[10471, 10732]
[793, 790]
[11269, 11131]
[11131, 10742]
[10742, 10571]
[10571, 10949]
[509, 489]
[489, 470]
[470, 452]
[452, 434]
[434, 420]
[420, 288]
[288, 287]
[287, 291]
[11270, 11269]
[820, 826]
[419, 415]
[11127, 10742]
[10742, 11131]
[11131, 11270]
[11112, 10952]
[10952, 10571]
[10571, 10742]
[10742, 11127]
[11128, 11127]
[813, 805]
[823, 813]
[450, 465]
[465, 481]
[481, 514]
[514, 509]
[508, 509]
[12680, 12676]
[12649, 12644]
[12644, 12647]
[3166, 3199]
[3199, 3201]
[3201, 3259]
[3259, 3227]
[3227, 3209]
[3209, 3183]
[3183, 3211]
[5559, 5557]
